8.423696943851699537e-02
1.483186259000000007e+00
2.775950148999999811e+00
1.084525044645168634e+00
7.776310363999999753e-02
-5.952023289999999744e-02
7.308711789752563304e-01
-7.889689820000000270e-03
2.054126892999999857e-02
2.388189455551013030e+00
2.980117303000000106e+00
9.066207177999999756e-01
1.150341338400226454e-01
-8.059547999994265410e-02
2.972094596999999908e-02
1.675535968694904024e-02
7.524431860999999944e-02
1.644785461449713160e-01
-4.040944229999998694e-02
1.770540736000000059e+00
6.250538722999999797e-01
1.678972643365250206e-01
5.292683174050000217e-02
1.372339508999999985e-02
1.788744967234749961e-01
-1.988090899000000134e-02
-1.050132434939999859e-01
5.397152123999999773e-01
4.675696637000000266e-01
5.537667500999999826e-01
