2.295197800022523715e-01
1.509077215043111764e+00
2.732594836842582975e+00
9.703229051924076032e-01
6.076246607371293962e-02
-8.695646382580290989e-02
7.554256488533273028e-01
2.650864060180180282e-02
2.244696649854482917e-02
2.399254286916888468e+00
2.941200319786483774e+00
9.520532912966678252e-01
7.443988569544940370e-02
-1.158028845149084163e-01
6.828888176362722662e-02
-8.260057219847626031e-02
-2.343392665070663516e-02
1.570260910345741001e-01
-3.322863547080736474e-02
1.845665629675596220e+00
5.835117128606324144e-01
1.108225672026750264e-01
1.462000109165631223e-01
3.217080479344820026e-02
1.385656577601521722e-01
-7.120665989209389035e-02
-1.022306382546041559e-01
5.385281632450986677e-01
3.713449800697707914e-01
5.967230675683445895e-01
