8.423725331029099928e-02
1.483186381000000109e+00
2.775950025000000210e+00
1.084526403700732944e+00
7.776317420999999397e-02
-5.952036989000000083e-02
7.308723376409436145e-01
-7.889465487999999804e-03
2.054119276000000022e-02
2.388191870249998239e+00
2.980117164999999790e+00
9.066210149000000218e-01
1.150348008298815589e-01
-8.059580999997706385e-02
2.972121491000000171e-02
1.675475021825487826e-02
7.524502157000000080e-02
1.644787845749026145e-01
-4.040954880000000027e-02
1.770540414000000062e+00
6.250540007999999537e-01
1.678975632758749892e-01
5.292681523050000308e-02
1.372334451999999982e-02
1.788740303941249998e-01
-1.988091188000000106e-02
-1.050132638229999971e-01
5.397152095999999677e-01
4.675698748000000071e-01
5.537665508000000347e-01
