4.625230818999999901e+05
-0.000000000000000000e+00
-0.000000000000000000e+00
5.016908516999999646e-06
-0.000000000000000000e+00
4.625230818999999901e+05
-0.000000000000000000e+00
-0.000000000000000000e+00
-0.000000000000000000e+00
4.625230818999999901e+05
1.483186259000000007e+00
2.775950148999999811e+00
4.513587935000000217e-01
7.776310363999999753e-02
-5.952023289999999744e-02
1.347297530000000042e-02
-7.889689820000000270e-03
8.423195253000000104e-02
2.054126892999999857e-02
-1.225764625000000052e+00
1.151877336000000085e+00
6.326647245000000112e+05
2.980117303000000106e+00
9.066207177999999756e-01
3.746037089999999807e+03
3.064017759000000183e+02
2.972094596999999908e-02
2.508611674999999863e+01
7.524431860999999944e-02
3.771013458999999784e+03
-5.571773494999999912e+02
6.810719363999999587e+03
-1.656760112000000007e-01
1.238310981999999967e+04
1.770540736000000059e+00
6.250538722999999797e-01
1.789181361000000137e-01
4.728983613999999946e-02
1.372339508999999985e-02
1.834593733000000060e-01
-1.988090899000000134e-02
1.560574833999999952e-02
-3.127097349000000030e-03
1.252665689000000138e-01
5.397152123999999773e-01
2.264136580999999815e+00
4.675696637000000266e-01
5.537667500999999826e-01
