4.264495853999999817e+05
-0.000000000000000000e+00
-0.000000000000000000e+00
1.026330290999999897e-06
-0.000000000000000000e+00
4.264495853999999817e+05
-0.000000000000000000e+00
-0.000000000000000000e+00
-0.000000000000000000e+00
4.264495853999999817e+05
1.483186381000000109e+00
2.775950025000000210e+00
4.513624419000000221e-01
7.776317420999999397e-02
-5.952036989000000083e-02
1.347214885999999980e-02
-7.889465487999999804e-03
8.423622697999999520e-02
2.054119276000000022e-02
-1.224217555000000068e+00
1.151760281000000052e+00
1.027998628000000026e+06
2.980117164999999790e+00
9.066210149000000218e-01
4.443576570000000174e+03
3.634731927000000269e+02
2.972121491000000171e-02
2.975559652000000099e+01
7.524502157000000080e-02
4.473222418000000289e+03
-6.609435720000000174e+02
8.078973077999999987e+03
-1.656780217000000111e-01
1.468902587999999923e+04
1.770540414000000062e+00
6.250540007999999537e-01
1.789180787999999911e-01
4.728973395000000274e-02
1.372334451999999982e-02
1.834589087000000063e-01
-1.988091188000000106e-02
1.560539382999999967e-02
-3.127079247999999933e-03
1.252684729000000108e-01
5.397152095999999677e-01
2.264137434999999865e+00
4.675698748000000071e-01
5.537665508000000347e-01
