1.073023163460320034e-01
1.459653767999999907e+00
1.904569839000000098e+00
1.185273116495593637e+00
-4.671227805000000011e-02
-5.783045942000000252e-03
1.029902368457626727e+00
2.863293558999999849e-02
-2.467454091000000072e-03
2.437259961231240890e+00
2.521835274999999932e+00
6.285966791999999526e-01
1.641927869686407582e-01
-2.434715000003961904e-02
-1.180348310000000017e-04
2.615434507270935835e-02
9.553971567999999803e-02
1.571563544140246738e-01
-2.822764710000000288e-02
1.231224169999999951e+00
2.810707186999999996e-01
6.782226257493674526e-02
2.435281486299999826e-02
2.997940665000000098e-03
1.128643079476632505e-01
-6.727618347000000228e-03
-9.938299308414999533e-02
5.065677371910000115e-01
3.732146218999999876e-01
9.414116533999999925e-01
9.464799659999992461e-04
2.363976906000000121e-03
-5.556182817000000426e-04
2.389542940999999851e-03
1.820466564000000100e-03
-1.490570109999999997e-02
-1.327724638100000014e-02
2.205039229000000101e-01
-5.875978425000000227e-02
1.433513723759200116e-02
-4.153368898000000045e-03
-3.967324389000000118e-03
4.626437140591999585e-03
1.502169791999999901e-03
3.062339808000000101e-03
1.444289161019999927e-02
1.531897232999999969e-01
4.334799834999999990e-02
6.060975098700000126e-03
-1.332423619000000080e-04
3.770928220000000202e-03
-1.204794714999999960e-04
3.212717552999999875e-03
7.886358908999999834e-03
-1.545008311999999896e-03
2.685392228000000117e-02
7.572281809000000474e-02
