1.777101769773081763e-01
1.494894964962652395e+00
1.862094025626148452e+00
1.121855531739099909e+00
-8.085292291327328407e-02
-1.293439522022243882e-02
1.036276087336569063e+00
8.695915983087165735e-02
-4.967643230099128004e-03
2.445734577339923277e+00
2.518510194821653947e+00
6.303823554815393138e-01
2.007997701275320290e-01
-5.518545885479395063e-02
2.642799088625666371e-02
-1.431131251018685768e-02
1.150104060957672092e-01
1.590423169820048832e-01
-3.389275533258318679e-02
1.199353433217541509e+00
2.908182597466115737e-01
-1.437579852016424020e-02
6.629170075736631751e-02
1.962950458890386218e-02
1.028864997041035179e-01
-5.328303677244915909e-03
-9.734296052649191178e-02
5.035251328574232854e-01
3.832163742934411865e-01
9.528032578790576190e-01
-1.974140659649643512e-02
5.445279822625865782e-03
3.057857482458531655e-03
-2.979550036454238146e-03
2.818089775560635862e-04
-1.450919463131081048e-02
-1.396803418660103741e-02
2.295744681143809807e-01
-7.195884598064612725e-02
2.228785106269656757e-02
-4.926090644773646957e-03
1.504651297539083728e-04
1.840626252708285442e-03
-4.198164065530107271e-03
6.859811403947609250e-04
1.582090279296182941e-02
1.615944382411848290e-01
4.183234857961829617e-02
5.331260708128046644e-03
6.033868772570847097e-04
5.236931809369422403e-03
2.409355000983648670e-03
2.256346659770686221e-03
9.812878666246936665e-03
-4.070732323357488872e-03
2.089634507635300398e-02
8.991649893624702183e-02
