1.070160857858999948e-01
1.460654864000000108e+00
1.903714584999999904e+00
1.185171391116789597e+00
-4.681723066000000044e-02
-5.702231420999999932e-03
1.028065614677295736e+00
2.825489151000000129e-02
-2.494863593000000174e-03
2.437269433973003441e+00
2.522542903999999808e+00
6.287221773000000180e-01
1.650784820297880873e-01
-2.439934999995330145e-02
-2.760295049000000196e-04
2.636361214172078943e-02
9.593771638999999685e-02
1.569623320920950638e-01
-2.833816869999999932e-02
1.232567162000000049e+00
2.807765508000000243e-01
6.768435818824225514e-02
2.437877802900000057e-02
2.932232977999999889e-03
1.129942355199577420e-01
-6.938173903000000031e-03
-9.954033859205001222e-02
5.065898311969999623e-01
3.744933879999999826e-01
9.411625389000000119e-01
9.874861470000010234e-04
2.322717245000000073e-03
-5.361590827999999573e-04
2.415896853999999899e-03
1.743816633000000102e-03
-1.473031504000000061e-02
-1.293798897900000008e-02
1.619050932999999970e-01
1.167095653999999920e-06
1.352104215301999993e-02
-4.031950870000000284e-03
-3.976308615000000157e-03
4.605467794020000165e-03
1.546905471999999960e-03
3.207109281999999829e-03
1.447343989400000017e-02
1.535217979000000066e-01
4.299296621999999790e-02
6.007393328799999141e-03
-8.018125634000000473e-05
3.766244758000000196e-03
-8.620876579000000099e-05
3.168476041000000201e-03
7.355576826000000124e-03
-1.454596573999999932e-03
2.644932179000000078e-02
7.414798222000000549e-02
