2.431106485999999859e+05
-0.000000000000000000e+00
-0.000000000000000000e+00
1.951448590000000105e-05
-0.000000000000000000e+00
2.431106485999999859e+05
-0.000000000000000000e+00
-0.000000000000000000e+00
-0.000000000000000000e+00
2.431106485999999859e+05
1.460654864000000108e+00
1.903714584999999904e+00
2.789343832999999773e-01
-4.681723066000000044e-02
-5.702231420999999932e-03
1.483203555999999985e-02
2.825489151000000129e-02
1.069965712999999957e-01
-2.494863593000000174e-03
-2.186012878000000104e+00
7.837787083999999682e-01
2.547197325999999885e+05
2.522542903999999808e+00
6.287221773000000180e-01
8.107249896999999692e+03
6.632765047000000322e+02
-2.760295049000000196e-04
5.427248077000000137e+01
9.593771638999999685e-02
8.161391024999999900e+03
-1.205979966999999988e+03
1.474002008999999998e+04
-1.767740009000000057e-01
2.679967075000000114e+04
1.232567162000000049e+00
2.807765508000000243e-01
8.074989325999999690e-02
1.769916557999999876e-02
2.932232977999999889e-03
1.028436597000000063e-01
-6.938173903000000031e-03
3.687321327999999732e-02
5.220524349999999814e-02
1.484358322000000063e-01
4.296434903999999944e-01
2.955929729000000172e+00
3.744933879999999826e-01
9.411625389000000119e-01
7.957339052000000565e-03
2.322717245000000073e-03
-5.361590827999999573e-04
1.116938649000000054e-03
1.743816633000000102e-03
8.268811109999999603e-03
-1.473031504000000061e-02
4.791195445000000219e-02
-1.105974954999999933e-02
3.038617674999999907e-01
1.619050932999999970e-01
1.167095653999999920e-06
1.342752998000000010e-02
-4.031950870000000284e-03
-3.976308615000000157e-03
3.212997416000000061e-03
1.546905471999999960e-03
1.298958205000000062e-03
3.207109281999999829e-03
-1.878239429000000101e-03
7.648877943999999804e-03
3.960470994000000328e-02
1.535217979000000066e-01
4.299296621999999790e-02
6.842736496999999619e-03
-8.018125634000000473e-05
3.766244758000000196e-03
8.353431682000000448e-04
-8.620876579000000099e-05
3.168476041000000201e-03
7.355576826000000124e-03
-1.454596573999999932e-03
2.460891547000000189e-03
7.272784005000000607e-02
2.644932179000000078e-02
7.414798222000000549e-02
