3.425134369999999763e+05
-0.000000000000000000e+00
-0.000000000000000000e+00
8.060046032000000026e-06
-0.000000000000000000e+00
3.425134369999999763e+05
-0.000000000000000000e+00
-0.000000000000000000e+00
-0.000000000000000000e+00
3.425134369999999763e+05
1.459653767999999907e+00
1.904569839000000098e+00
2.776633112999999931e-01
-4.671227805000000011e-02
-5.783045942000000252e-03
1.499830696000000081e-02
2.863293558999999849e-02
1.072942563000000016e-01
-2.467454091000000072e-03
-2.075911284000000023e+00
7.476156295000000451e-01
3.625428523999999743e+05
2.521835274999999932e+00
6.285966791999999526e-01
2.387403545999999915e+04
1.953287829999999985e+03
-1.180348310000000017e-04
1.598189951999999892e+02
9.553971567999999803e-02
2.403372377000000051e+04
-3.551457773000000088e+03
4.340693727000000217e+04
-1.761013505000000035e-01
7.892139857000000484e+04
1.231224169999999951e+00
2.810707186999999996e-01
8.048527825000000024e-02
1.769849821000000004e-02
2.997940665000000098e-03
1.025360743000000019e-01
-6.727618347000000228e-03
3.667068272000000018e-02
5.261071132999999705e-02
1.478737034000000006e-01
4.287253274999999753e-01
2.955364842999999908e+00
3.732146218999999876e-01
9.414116533999999925e-01
8.173524080999999830e-03
2.363976906000000121e-03
-5.556182817000000426e-04
1.149509566000000071e-03
1.820466564000000100e-03
8.467077490000000581e-03
-1.490570109999999997e-02
4.883950017000000116e-02
-1.147909482999999974e-02
3.079567829000000034e-01
2.205039229000000101e-01
-5.875978425000000227e-02
1.408751085000000021e-02
-4.153368898000000045e-03
-3.967324389000000118e-03
3.138777377999999937e-03
1.502169791999999901e-03
1.240033374999999997e-03
3.062339808000000101e-03
-1.798151550999999970e-03
7.290025504999999607e-03
3.746151959999999975e-02
1.531897232999999969e-01
4.334799834999999990e-02
6.966967957999999767e-03
-1.332423619000000080e-04
3.770928220000000202e-03
9.059928592999999660e-04
-1.204794714999999960e-04
3.212717552999999875e-03
7.886358908999999834e-03
-1.545008311999999896e-03
2.541582282999999866e-03
7.685473036999999896e-02
2.685392228000000117e-02
7.572281809000000474e-02
